109
111
111
113
116
118
121
121
124
127
130
130
133
137
141
145
146
150
155
159
159
164
170
176
183
183
189
195
201
201
210
217
228
238
238
247
256
266
266
276
286
294
301
301
310
318
329
329
335
341
347
351
351
358
371
389
389
410
427
443
459
459
473
487
499
499
508
517
525
525
539
556
569
583
583
604
627
651
651
668
679
684
689
689
688
709
754
754
800
822
815
777
777
744
772
832
832
891
895
879
860
860
872
907
943
943
964
995
1016
1018
1018
1017
1017
1021
1021
1048
1080
1104
1127
1127
1148
1154
1154
1154
1165
1178
1194
1212
1212
1239
1248
1252
1252
1233
1234
1281
1313
1313
1343
1351
1350
1350
1360
1372
1386
1404
1404
1421
1429
1438
1446
1446
1446
1454
1466
1466
1482
1505
1524
1542
1542
1566
1584
1594
1594
1591
1594
1591
1598
1598
1611
1628
1652
1652
1673
1699
1716
1721
1721
1714
1709
1709
1709
1722
1739
1760
1778
1778
1799
1818
1829
1829
1830
1831
1829
1829
1829
1840
1853
1868
1868
1888
1904
1925
1940
1940
1949
1944
1945
1940
1939
1946
1959
1976
1976
1994
2007
2023
2036
2036
2045
2048
2051
2051
2057
2062
2067
2074
2074
2083
2094
2105
2105
2114
2124
2134
2144
2144
2156
2168
2177
2177
2183
2185
2189
2192
2192
2194
2198
2207
2207
2215
2225
2235
2247
2247
2256
2267
2278
2278
2286
2292
2297
2298
2298
2303
2306
2309
2314
2314
2321
2328
2336
2336
2344
2353
2363
2370
2370
2379
2389
2389
2397
2402
2407
2410
2411
2411
2414
2416
2420
2420
2426
2433
2439
2439
2448
2455
2463
2463
2469
2475
2481
2488
2488
2494
2499
2504
2508
2508
2511
2514
2517
2517
2522
2524
2528
2532
2532
2537
2542
2546
2546
2551
2556
2562
2567
2567
2572
2577
2582
2582
2586
2591
2596
2596
2600
2605
2609
2612
2615
2615
2618
2620
2620
2621
2624
2626
2628
2628
2631
2634
2638
2642
2642
2646
2649
2653
2653
2658
2663
2666
2671
2671
2675
2678
2681
2681
2683
2686
2688
2689
2689
2690
2691
2692
2692
2693
2695
2697
2699
2699
2700
2702
2705
2705
2708
2710
2713
2715
2715
2717
2719
2722
2724
2724
2727
2729
2731
2731
2733
2735
2736
2737
2737
2739
2739
2741
2741
2741
2741
2741
2741
2742
2742
2742
2742
2742
2742
2742
2743
2743
2743
2743
2744
2744
2744
2744
2745
2745
2745
2745
2746
2747
2747
2747
2748
2749
2749
2749
2750
2751
2751
2752
2752
2752
2753
2754
2754
2754
2756
2756
2757
2757
2758
2759
2760
2760
2760
2760
2759
2758
2757
2756
2755
2755
2753
2753
2752
2746
2738
2738
2739
2739
2737
2735
2734
2733
2731
2729
2729
2728
2727
2726
2725
2725
2725
2725
2725
2725
2692
2687
2684
2676
2663
2646
2639
2628
2625
2601
2593
2585
2576
2555
2536
2540
2530
2518
2495
2495
2482
2475
2463
2451
2444
2426
2417
2409
2404
2388
2388
2375
2351
2345
2347
2337
2320
2309
2305
2297
2272
2272
2256
2251
2236
2231
2222
2208
2211
2194
2179
2170
2169
2157
2139
2134
2125
2117
2109
2094
2090
2078
2068
2063
2043
2039
2026
2018
2019
2001
1993
1975
1973
1969
1951
1934
1924
1924
1912
1896
1887
1879
1873
1869
1835
1831
1822
1813
1813
1788
1781
1762
1768
1755
1735
1731
1710
1706
1703
1684
1676
1670
1662
1646
1634
1638
1620
1603
1596
1580
1575
1560
1541
1541
1520
1507
1506
1489
1475
1475
1459
1448
1448
1429
1412
1412
1391
1384
1382
1358
1357
1338
1325
1322
1315
1295
1290
1268
1260
1258
1252
1235
1229
1223
1208
1198
1195
1174
1169
1157
1154
1148
1133
1117
1114
1107
1096
1076
1079
1069
1049
1054
1040
1028
1008
1005
999
987
978
973
969
948
945
940
923
918
914
898
890
877
867
860
846
839
830
827
823
804
796
791
785
765
756
747
745
739
723
715
706
696
685
679
666
659
658
639
634
624
610
596
593
576
574
555
551
537
535
518
514
496
494
487
477
473
454
456
440
426
420
409
397
394
392
379
369
366
359
348
344
329
320
303
302
282
285
259
243
237
235
232
228
224
220
218
214
210
207
203
201
194
190
187
184
178
175
170
166
162
159
152
149
145
140
135
132
127
124
119
116
108
105
101
97
94
87
85
83
76
72
66
63
60
53
48
45
40
36
31
27
22
19
14
8
5
0
-3
-10
-15
-22
-24
-28
-31
-36
-41
-45
-50
-53
-57
-61
-64
-69
-74
-77
-80
-83
-85
-84
-84
-83
-83
-83
-83
-83
-83
-83
-83
-83
-82
-82
-82
-83
-82
-82
-82
-82
-82
-82
-82
-82
-83
-82
-83
-82
-83
-83
-83
-83
-83
-83
-83
-83
-83
-83
-83
-83
-83
2760
