-1.00644
-1.46265
-1.462
0.899252
-0.456432
36.0493
502.043
3823.26
4230.28
3103.13
1351.31
1476.03
135.882
1217.72
1424.83
160.609
1349.39
1385.37
185.65
1485.43
1231.09
1546.28
223.677
1274.9
1392.07
247.433
1373.04
1305.26
270.954
1410.57
1217.49
1391.59
305.661
1273.68
1267.67
327.446
1483.88
1222.81
350.082
1206.11
1367.36
371.491
1228.44
1330.44
392.506
1324.35
1161.47
1221.85
1401.05
433.58
1171.75
442.883
1269.24
1219.43
462.379
1211.73
1318.67
1185.09
490.96
1220.51
1215.26
509.362
1219.04
1169.51
527.123
1242.75
1218.07
1095.3
553.026
1250.71
1138.49
570.12
1223.35
1130.26
586.668
1272.97
1046.1
602.622
1155.68
1228.69
618.92
1199.54
1143.33
634.6
1090.45
1178.08
649.387
1169.04
1080.6
663.743
1173.15
1176.86
1135.06
685.779
1098.63
1155.77
699.548
1085
1122.96
712.65
1162.15
1108.29
1090.49
732.279
1121.09
1093.32
744.828
1096.04
1118.05
757.14
1159.94
1034.82
768.976
1110.24
1062.39
1041.25
785.564
1087.14
1124.29
797.055
1039.33
1045.56
806.987
1083.2
1081.63
817.564
1059.51
1086.79
827.717
999.607
1137.1
837.466
1092.66
1094.11
1043.06
852.043
1069.46
1046.89
861.073
1037.09
1107.17
870.204
1020.64
1098.91
878.809
1066.15
1046.07
1037.07
890.972
889.728
2030.95
902.028
1157.17
1191.32
991.016
915.264
913.326
914.399
913.606
997.125
973.077
1137.55
923.426
1033.25
3327.31
947.859
3632.25
963.744
963.755
987.689
1003.95
967.123
960.125
943.885
943.908
950.951
954.44
949.551
946.178
942.818
940.011
1059.15
943.413
953.802
1076.84
947.96
1152.36
990.968
954.37
963.692
965.742
956.229
956.45
979.501
957.786
986.736
980.241
960.786
959.366
957.612
957.615
957.814
957.336
957.337
959.19
957.181
957.182
957.056
956.902
958.71
957.041
957.041
956.774
956.113
956.114
955.914
957.794
954.908
954.91
953.576
952.221
952.223
951.585
949.342
949.345
948.197
947.761
947.762
947.181
946.336
946.337
944.99
944.059
944.06
946.52
943.938
943.939
943.38
943.865
943.554
945.416
943.852
943.852
942.524
941.685
940.389
940.391
940.176
939.335
939.336
