10.506
2.17239
0
1.93223
0.383449
35.4077
565.142
13021.8
17005
6699.68
1698.36
1904.99
0
1422.92
1766.28
0
1609.45
1651.9
0
1813.22
1344.7
1882.81
0
1378.26
1559.63
0
1507.1
1371.8
0
1534.01
1191.79
1462.86
0
1247.65
1220.68
0
1569.83
1114.48
0
1073.51
1316.47
0
1076.47
1222.71
0
1196.68
928.308
1005.32
1274.67
0
900.227
0
1034.15
943.701
0
918.903
1068.23
851.551
0
891.154
870.096
0
863.072
778.638
0
873.141
823.924
639.511
0
848.354
676.234
0
784.957
642.781
0
834.126
509.542
0
646.219
736.736
0
683.975
596.224
0
516.551
623.15
0
600.481
475.052
0
586.659
581.512
516.846
0
461.235
525.826
0
426.854
466.382
0
507.793
430.727
400.741
0
430.866
388.696
0
384.516
403.979
0
448.164
289.109
0
372.339
308.163
277.172
0
324.796
362.454
0
255.794
257.244
0
294.948
286.917
0
255.379
281.046
0
176.992
329.002
0
270.546
266.321
202.941
0
227.525
197.1
0
181.482
255.278
0
153.621
235.878
0
193.941
167.175
153.06
0
16.0454
1573.17
0
270.332
303.989
77.6363
0
38.9463
0.798335
0
82.8336
55.314
228.994
0
110.273
4664.81
0
5838.09
632.026
0
22.6295
37.2742
0
507.935
2738.93
0
6.27945
8.86102
3.3796
0
117.081
82.0151
120.103
0
9.46636
134.284
0
212.789
37.039
0
8.44414
9.54648
0
0.119077
21.87
0
27.5682
19.5803
0
20.9159
31.9642
0
0.101945
1.4785
0
1.4785
2.94374
0
0.165076
0.246856
1.4395
0.564559
0
0.741688
4.53062
0
0.416119
1.50205
19.925
0
18.4541
19.0973
0
4.22101
52.2395
0
13.6606
1.98596
0
3.49934
7.42764
0
18.8161
9.03531
0
2.02274
3.28474
0
3.23924
0.311438
0
1.48617
0.0665994
0
18.2888
7.33992
17.4435
0
0.480666
7.33992
0
