-1.00644
-1.46265
-1.462
0.903684
-0.455008
36.4391
575.277
10714.6
12866.3
6548.37
1827.62
2048.67
135.882
1576.15
1934.11
160.609
1789
1844.25
185.65
2019.51
1560.23
2114.23
223.677
1618.9
1813.34
247.433
1772.61
1648.17
270.954
1823.26
1490.19
1774.36
305.661
1569.11
1552.86
327.446
1915.89
1468.8
350.082
1437.82
1693.13
371.491
1462.22
1619.95
392.506
1604.54
1344.4
1431.58
1713.24
433.58
1346.39
442.883
1490.89
1409.56
462.379
1394.05
1554.18
1345.57
490.96
1394.61
1382.59
509.362
1384.66
1308.49
527.123
1412.57
1372.03
1194.62
553.026
1413.44
1248.61
570.12
1366.52
1231.56
586.668
1432.73
1113.66
602.622
1258.83
1358.19
618.92
1313.3
1232.71
634.6
1159.73
1274.55
649.387
1259.38
1140.14
663.743
1259.76
1262.08
1204.16
685.779
1154.94
1226.95
699.548
1133.94
1180.33
712.65
1228.92
1157.94
1134.03
732.279
1170.73
1134.48
744.828
1136.34
1162.14
757.14
1213.09
1058.58
768.976
1148.17
1089.15
1063.18
785.564
1116.61
1160.34
797.055
1058.16
1064.59
806.987
1107.79
1104.97
817.564
1078.24
1109.21
827.717
1008.95
1167.14
837.466
1113.52
1114.33
1055.12
852.043
1084.46
1058.3
861.073
1046.84
1125.82
870.204
1027.77
1114.93
878.809
1077.18
1054.42
1044.13
890.972
889.728
2481.53
902.028
1177.87
1217.08
992.953
915.264
913.326
914.401
913.606
999.318
974.086
1152.65
923.426
1037.03
4880.43
947.859
5549.02
963.744
963.755
987.872
1004.42
967.123
960.125
943.885
943.908
950.97
954.474
949.559
946.178
942.818
940.011
1063.59
943.413
953.84
1082.33
947.96
1165.43
991.435
954.37
963.723
965.78
956.229
956.451
979.672
957.786
987.002
980.381
960.786
959.366
957.612
957.615
957.814
957.336
957.337
959.194
957.181
957.182
957.056
956.902
958.714
957.041
957.041
956.774
956.113
956.114
955.914
957.798
954.908
954.91
953.576
952.221
952.223
951.585
949.342
949.345
948.197
947.761
947.762
947.181
946.336
946.337
944.99
944.059
944.06
946.524
943.938
943.939
943.38
943.866
943.554
945.42
943.852
943.852
942.524
941.685
940.389
940.391
940.176
939.335
939.336
