-1005
-1462
-1462
-1031
-839
1006
8377
43759
84192
109571
122349
135882
135882
147578
160609
160609
173048
185650
185650
198853
210223
223677
223677
235188
247433
247433
259470
270954
270954
283098
293802
305661
305661
316613
327446
327446
339731
350082
350082
360241
371491
371491
381664
392506
392506
403232
412679
422510
433580
433580
442883
442883
452854
462379
462379
471778
481912
490960
490960
500216
509362
509362
518471
527123
527123
536285
545185
553026
553026
562057
570120
570120
578807
586668
586668
595623
602622
602622
610504
618920
618920
627029
634600
634600
641647
649387
649387
656985
663743
663743
671253
678730
685779
685779
692438
699548
699548
705954
712650
712650
719637
726072
732279
732279
738715
744828
744828
750908
757140
757140
763704
768976
768976
774959
780402
785564
785564
791152
797055
797055
802014
806987
806987
812312
817564
817564
822519
827717
827717
831842
837466
837466
842566
847626
852043
852043
856720
861073
861073
865250
870204
870204
874047
878809
878809
883127
887136
890972
890972
889730
902028
902028
907126
912532
915264
915264
913329
913606
913606
916428
918734
923426
923426
926682
947859
947859
971550
963755
963755
965230
967123
967123
960135
943908
943908
944685
945608
946178
946178
942823
940015
943413
943413
944367
947960
947960
952483
954370
954370
955271
956229
956229
956336
957786
957786
959414
960786
960786
959368
957615
957615
957714
957337
957337
957714
957182
957182
957056
956902
957274
957041
957041
956774
956114
956114
955914
956294
954910
954910
953578
952223
952223
951586
949345
949345
948199
947762
947762
947182
946337
946337
944992
944060
944060
944501
943939
943939
943381
943554
943554
943932
943852
943852
942526
941686
940391
940391
940176
939336
939336
938687
938160
938160
937961
937310
936929
936040
936040
935299
934742
934742
933582
933587
933587
933519
933426
933426
934563
933553
933130
933130
932450
932963
932963
933387
931763
931763
931609
930915
930915
930136
929026
929026
928682
928405
928405
928946
929234
929234
928015
927206
926977
926977
925779
925481
925481
925880
924978
924978
925050
924868
923518
923518
924247
923775
923775
923372
922462
922462
921649
921416
921416
920236
920024
919259
919259
919058
918651
918651
918088
918084
917583
917297
917297
917572
917080
917080
916464
916586
916586
915813
915270
915270
914813
914022
914022
913213
912831
912831
912264
912212
911797
911797
911578
911578
912324
912067
912067
911645
911645
910832
910832
910316
909003
908891
908891
908275
907992
907992
908099
907530
906244
906244
904826
905016
905016
906021
905782
905782
905510
905027
905027
904193
903543
903543
903456
902180
902180
900172
900364
900364
901346
902653
902653
902144
900718
900029
900029
899436
898894
898894
897709
895956
895956
895640
897344
897185
897185
896911
896033
896033
895459
894688
894382
894382
892739
891687
891687
892677
893243
893243
892813
892906
892906
891324
891339
891339
890738
890243
890243
888801
888611
888611
889701
889652
889652
888879
888389
888389
888520
887959
887390
887390
885978
885561
885648
885648
886279
885149
885149
884976
884976
884401
884401
884430
883065
883065
881189
882572
882844
882844
882242
882568
882568
881650
881227
881227
880043
878801
878801
878671
879323
879323
879063
878751
878493
878493
877129
876267
876267
874981
876454
876454
876203
875811
875811
875600
874610
874610
874316
871165
871165
871612
873137
872524
871788
871788
871397
871136
868974
868974
867573
869628
869628
868376
868363
868363
867104
867825
867825
865301
864280
864280
865972
865205
865205
865001
864652
864652
864438
862775
860358
860358
861531
863007
863007
861882
861627
861627
861117
859620
859620
858675
857520
857520
858393
858564
858564
857376
857420
857227
857227
856996
856960
856960
855601
854090
854219
854219
854619
854486
854044
854044
853247
853538
853538
853331
853542
851797
851797
851586
850332
850332
849981
849264
849264
849120
849319
849319
849279
848824
848824
847907
847776
847776
847149
846747
846747
846583
846146
846146
845424
845078
845078
843558
843365
843610
843610
844444
844515
844515
842824
842742
842875
842875
841331
842307
842307
841245
840502
839623
839623
838528
837894
837894
839003
838623
838623
838554
838034
838209
838209
837375
836435
836435
836741
836617
836617
836105
835575
835575
834123
833112
833112
832879
833589
833589
833267
833305
833305
832724
832124
832124
831730
831703
831703
831186
831133
830068
830068
828047
828047
827987
828676
828676
828618
827819
827819
827429
827422
827699
827699
826609
826530
826530
825303
825212
824995
824995
823385
822759
822759
822787
822967
822967
823057
823119
823119
822590
821628
821628
821661
821350
821350
820802
820120
820120
820124
819361
819361
818473
817132
816818
816818
816433
817407
817407
817692
817141
816375
816375
815893
816154
816154
815479
814670
814670
814309
813583
812893
812893
811907
810752
810752
810392
810379
810379
811135
811073
811073
810319
810049
810049
809790
809015
809355
809355
808402
807914
807914
808086
807268
807268
806715
805378
805378
804821
805360
805360
804728
805137
805137
805309
805075
804335
804335
803486
803497
803497
803024
802638
802638
802147
802617
802617
801255
801365
801365
801013
800488
800488
799920
798635
797574
797574
797208
797208
796843
796943
797192
797181
797181
797574
796583
796583
795834
795638
795638
795933
794937
794355
794355
793816
794306
794306
793178
793152
793152
791584
791827
791827
791165
791377
790626
790626
789898
788708
788708
788249
787389
787389
787533
787713
787713
787844
787996
787996
786809
786643
786643
786076
785948
785284
785284
784718
784819
784819
784508
783661
783661
783127
782563
782563
782331
781941
781151
781151
781656
780880
780880
780651
780653
780653
779912
779573
779573
779592
778982
777891
778188
778188
777692
777278
777278
777190
776718
776718
776224
776376
776376
775349
774505
774505
774988
773754
773754
773871
773432
773432
773093
772765
772765
771978
772260
772260
772095
771007
771007
770742
769661
769130
769130
768449
768449
767738
766782
766738
766738
766109
766338
766338
766826
767366
767366
766078
765336
765595
765595
764783
764378
764378
763982
763570
763735
763735
762538
762525
762525
761396
761803
761803
760833
760610
760610
759451
758414
758361
758361
758011
758247
758247
759252
758780
758780
757714
757171
756817
756817
756736
756658
756658
755827
755847
755847
755952
755086
755086
754694
754349
754349
753718
752726
752726
751822
751332
751537
751537
751196
752414
752414
751822
750684
750684
750448
750066
750066
750143
749593
749593
749433
749200
748509
748509
748116
747479
747479
746780
746257
746257
745453
744563
744767
745734
745734
745198
744587
744587
743974
743282
743282
743679
743222
743222
743350
742451
742451
741628
741432
741432
741445
740622
739313
739313
739242
738522
738522
738637
738722
738722
739704
738788
738788
737472
737855
737855
737297
737668
737668
737385
736592
736592
736195
735710
735100
735100
734996
734832
734832
734689
734619
733668
733668
733659
732126
732126
731505
730943
730943
729780
729887
729887
730065
730188
730188
730539
729569
729569
729958
729117
729087
729087
728859
728683
728683
727865
727189
727189
726665
727145
727145
726615
726520
726520
726075
725663
725663
725233
725669
724285
724285
724503
723891
723891
723165
722413
722413
721876
721199
721091
721091
721045
720449
720449
720582
721128
721128
720999
720065
720065
719923
719752
719252
719252
718443
718901
718447
718447
717829
717744
717744
716896
716611
716611
715886
714593
714593
713787
713555
713555
713244
714116
713603
713603
713833
713344
713344
712411
712718
712718
711774
711925
711336
711336
711080
710460
710460
709230
708336
708336
708766
708733
709365
709365
709385
708647
708647
708463
707346
707346
707349
706929
706200
706200
704891
704066
704066
703348
704575
704575
704560
704156
704072
704072
703836
703181
703181
702689
702273
702273
700536
699829
699829
700359
700969
700969
701634
701359
701359
700297
699884
699884
699279
698705
698705
697463
696234
696234
696719
697723
697015
697015
697189
697189
696533
696140
696140
695578
695746
694192
693262
693262
692731
693295
693295
693312
693009
693009
692773
692554
692554
691590
691643
690541
690541
689699
689258
689258
688782
689457
689457
689535
688830
688458
688458
688438
687361
687361
687361
686916
686916
687160
685351
685351
684220
683709
683709
684471
684543
684543
684327
684054
684054
682835
682927
682927
682400
682807
682110
682110
681413
680361
678888
678888
678619
678291
678291
679337
679564
679564
680040
678389
678389
677853
677863
677863
676685
676514
676813
676813
675539
675273
674289
674289
674480
674118
674118
673293
672128
672128
672311
670556
670556
670065
670004
670004
670030
670082
670082
670200
669973
670462
670462
669624
669140
668743
668743
668518
667846
667846
667537
667349
667349
667132
666999
666999
666229
665740
665740
665147
665067
665067
663835
664033
664033
663641
663316
663316
662675
662276
662276
661738
661210
661210
660459
660025
659123
659123
659162
658877
658877
658347
658761
658761
658715
658088
658088
658419
657552
657552
657055
656591
656450
656450
656249
656151
655485
655485
654463
654555
654555
653784
653483
653483
652617
651295
651295
651228
650949
650949
651188
651813
651813
651197
649721
650185
650185
649738
649568
649568
649264
649120
649120
648171
647466
647466
646632
645977
645977
645453
646058
646058
645797
645540
645301
645301
645185
644815
644036
644036
643834
643210
643210
642892
641939
641939
640936
641480
641480
641558
641295
641180
641180
640273
639864
639468
639468
639847
638427
638427
637694
636876
636876
635896
636048
636048
636500
636183
635844
635844
634933
635115
635115
634796
634444
634444
633652
632357
632357
631781
631829
631829
632316
632351
632351
631162
631162
631218
630106
630106
630429
629593
629593
628127
627831
627831
628498
628224
628224
627881
627245
627245
626934
627045
627045
626548
626582
626582
625494
623776
622250
622250
622545
623946
623946
623909
623325
623325
621991
621208
621208
620737
621191
621191
620568
620116
620116
620062
619228
619228
619096
618384
617377
617633
617633
617451
616845
616845
617501
617125
617125
616704
615890
615890
615825
615463
615463
615151
614649
614649
614441
614335
614335
614335
614014
614014
613511
613116
613211
613211
612569
611847
611847
611522
611032
611032
610795
610119
610119
609993
609661
609438
609438
608856
609229
607978
607978
607787
608024
606793
606793
606268
605843
605843
605171
605750
604850
604850
604447
604055
604055
603480
603470
603470
602939
602154
602154
601938
601264
601264
600150
599641
599641
599340
599713
600473
600473
599691
599247
599247
598289
598283
598283
597620
597692
597692
597536
597566
597566
596502
596221
596221
595370
594389
594389
593971
593523
593785
593785
594103
593534
593148
593148
592865
592304
592304
592415
591906
591906
591395
591131
591131
590531
589460
589460
588694
588858
588858
588551
588923
588923
589166
588276
588027
588027
587636
587636
587502
586922
586922
586339
586649
586411
586411
585561
585221
585221
584122
583586
583586
583311
583621
583899
583899
583333
583311
583225
583225
582601
581912
581912
580971
580398
580398
580374
579738
579738
579788
579062
579062
578975
578039
575867
575867
576146
576399
576399
576626
576455
576455
576455
576172
576172
574838
574298
574298
573969
573792
573349
573228
573228
572070
571431
571431
570537
569610
569610
569312
569687
569944
570055
570055
569653
569288
569288
569024
568597
568597
568083
568210
568210
567631
567394
567394
566042
565744
565744
564662
564265
564265
564440
564675
564675
564369
564079
564079
563440
563520
563520
563691
562959
562756
562756
562329
561362
561362
561014
560760
560760
559793
559417
559417
559950
559644
559715
559715
558841
559012
559012
558638
557879
557566
557566
557956
557197
557197
556884
556580
556580
556032
555210
555210
553880
553370
553370
553064
553256
553256
553330
553733
553733
553012
552225
552225
552359
552409
552409
551337
550606
550434
550434
549684
549580
549580
548864
548476
548476
546924
546163
546163
545967
546349
546502
546502
546273
546265
545452
545452
545241
544903
544903
543991
543981
543981
543492
543091
543091
542966
542389
540937
540937
539957
539636
539588
539588
539220
539974
539974
540590
539761
539761
538468
538479
538402
538402
538188
537960
537960
537308
536102
536102
536580
536065
536065
535800
535417
534477
534477
534772
534772
534369
534122
533729
533575
533575
532824
532824
531995
531726
531726
531440
530932
530622
530622
530400
530349
530349
529878
530047
530047
529311
529531
529531
528410
527227
527227
527027
527035
526713
526713
525687
525336
525336
525592
524521
524521
524759
524076
524076
523919
523313
523313
522113
522248
522248
521853
521964
521964
519952
519952
519421
518927
518927
519185
519069
519069
519266
519099
519099
518598
517794
517794
517822
518297
518297
517977
516806
516806
516425
516045
516045
514517
512511
512465
512465
512294
513580
513580
513879
512721
512721
511564
511780
511780
510694
510408
508701
508701
507509
507509
508203
507157
506933
506036
506036
505974
504199
504199
503078
502417
502344
502042
503201
501413
501413
501456
500933
499817
499025
497818
497470
498125
498060
498060
497318
497262
497262
496739
496912
496912
496561
496275
496275
496089
495274
495274
496044
494688
494688
494067
494155
493349
493533
493533
493651
494082
494082
493072
492280
492280
492345
491837
491837
491878
491592
491689
491689
490800
490761
490761
491050
489702
489702
489513
488757
488757
488157
488255
488785
488785
488502
488412
488412
487274
487473
487473
487165
486273
486273
487165
486614
486293
486293
485941
485836
485427
485427
484587
483379
483379
483542
483418
483418
483786
483053
483053
483452
483381
483381
483338
482471
482471
481912
482473
482486
482486
481813
482381
482381
481704
481359
481359
480944
480582
480582
480034
480558
479554
479554
479396
479539
479539
478912
478218
478218
477781
477966
477150
477150
476942
476739
476739
476065
475538
475538
475168
474603
474603
474485
474164
474164
473563
473355
473355
472799
472268
472268
472092
472159
472159
472048
471588
471588
471363
471130
471130
470933
470738
470738
470644
470122
469767
469767
469228
469042
469042
468744
468543
468543
467940
468032
468032
467705
468041
468218
468218
468394
468289
468289
467784
467727
467142
467142
466572
466651
466651
466227
466043
466043
465473
465243
465243
465316
465017
465017
464812
464192
464192
463674
463114
463114
463007
463185
463185
462885
462701
462701
462282
461761
461761
461612
461642
461642
461753
461015
461015
460739
459853
459853
459829
458959
458961
458921
458921
459453
460423
460423
459675
458498
458498
458878
458583
458583
458438
457688
457361
457361
456457
455443
454483
454483
454934
455859
455859
455906
454966
454966
454979
454513
454513
454624
454267
454267
452608
451833
451833
452140
452937
452937
452647
452074
452074
452352
452599
452599
451890
450626
450626
450253
450253
450464
450379
450379
450191
450513
450513
449617
449343
449343
448511
448090
447746
448344
448344
448570
448419
448419
448075
448075
447932
447364
446953
447157
447157
446231
445117
445117
444906
444906
444664
446203
446203
446024
445482
445482
445307
444549
444562
444562
444479
443713
443713
443301
442721
442721
441624
441656
442305
442305
442385
442396
442396
441921
441937
441937
441430
440958
440958
441534
441099
441099
440786
440363
440363
439293
438973
438973
438996
439105
439284
439284
439587
439146
439146
438862
438813
438190
438190
438047
437567
437567
437695
437516
437516
437057
436849
436849
435627
434936
434936
434561
434597
434678
434678
435260
435105
435105
435231
434473
434473
434083
433778
433778
433254
433252
433158
433158
432900
432634
432634
432589
432920
432920
431841
432093
432093
431721
431276
431276
430750
431097
431097
431186
430434
430434
430102
429799
429137
429137
428885
429145
429145
428154
427963
427963
427485
426996
426996
427179
426107
425749
425749
425215
425638
425638
424910
424671
424671
424252
424307
424307
424309
423662
423662
423850
423673
422970
422970
423045
423051
423051
422866
422438
422438
421756
421635
421635
421526
420960
420960
421107
420666
420666
421007
420034
420034
419386
419683
419683
418744
419163
419163
418850
418831
417709
417709
418016
417152
416254
416254
416345
415266
415024
415024
415732
416268
416268
416294
415400
414179
414179
414443
414383
414383
413687
414245
414245
413401
413364
413364
412843
412318
412318
410671
409895
409895
409809
410267
410267
411620
411149
411149
409944
410558
410558
409684
409044
409044
409336
409055
409055
408506
408472
407585
407585
406363
407033
407033
406373
406735
406422
406369
406369
405482
405636
404762
404762
404660
404500
404500
403550
403208
403208
401283
400998
400998
400311
400669
400669
402256
401378
401618
401618
400229
400378
400378
399510
398792
398792
398652
398191
398191
397494
397494
396029
395576
395111
395111
395014
395351
395753
395753
395235
394939
394939
394336
393947
393947
393415
392926
392926
392396
392113
392113
392292
391565
391994
391994
391743
390483
390483
389778
389143
389143
389031
388751
388751
388772
388713
388713
388992
388634
387866
387866
387789
387117
387117
386550
386410
386410
386202
386391
386391
385837
385621
385621
385262
385495
384348
384348
384662
383705
383516
383516
383023
383023
383021
382428
382428
381569
381111
381111
380930
379831
379861
379861
379526
379357
379357
378899
378691
378691
378869
377936
377936
377521
377474
377474
377209
376863
376863
376172
376732
376732
376049
375642
375642
375212
375420
375420
374157
374265
373614
373614
373063
373450
372620
371961
371961
371641
371558
371558
370906
370098
370098
369683
369200
369200
369222
368160
368160
368124
367946
367946
367497
367553
367129
367129
366826
365994
365994
366116
365737
365737
365458
365138
365138
365422
364312
364312
364486
364071
363258
363258
363433
362966
362966
361954
361230
361230
360129
359661
359373
358792
358792
358302
358755
358755
358487
358652
358652
358349
357989
357989
357554
357562
357562
356935
356498
356498
355916
355027
355027
355273
354118
354118
354350
353553
353997
353997
353187
352762
352762
352182
351104
351104
350573
350930
350930
350766
351260
351260
351030
350579
350579
350366
349782
349488
348978
348978
349031
348774
348774
348877
348099
348099
346920
346754
346754
345915
345408
345408
344780
345495
345495
345653
345305
345305
344550
343392
343345
343345
343139
343016
343016
342272
341932
341932
341619
340884
340884
340888
340571
340571
339090
339340
339340
339517
339577
339577
338789
338489
337695
337695
337270
337084
337475
337475
336653
336503
336503
336628
336007
336007
335526
334662
334457
334457
333729
333284
333284
332498
331837
331837
331688
331720
330885
330885
330605
330421
330421
330417
330417
330105
329605
329742
329742
329161
328629
328629
328708
327959
327959
327323
326969
326969
326940
325743
325596
325596
325024
324425
324024
324024
323326
323343
323343
322641
321746
321746
320960
321169
320302
320302
320144
319765
319765
318875
318331
318331
317033
316489
316489
315800
314849
313987
313987
312970
312788
312788
311712
311868
311868
312064
312064
312409
312302
312302
312371
311560
311560
312013
311400
310711
310711
309169
309742
309742
309468
308687
308470
308470
308066
307565
307565
307655
307131
307131
307049
306112
305952
305952
305175
305059
305059
305046
304409
304409
304002
303935
303935
303137
302630
302630
301887
302261
302261
301622
301685
300645
300645
299094
298234
298234
298217
297327
297327
297005
296530
296530
296063
296206
296206
295865
295322
295322
295783
294624
294595
294595
294765
293787
293787
293552
293402
293402
292931
292473
292473
292895
292382
291697
291697
291196
291196
291769
290467
290484
290484
289946
290004
290004
289504
288400
288455
288455
288276
287612
287612
287005
287026
287026
286561
286158
286158
285836
285641
284912
284912
284366
283464
283464
283819
283460
283460
282653
282506
281458
281458
281034
280547
280547
280042
279282
279282
278646
277758
277758
277539
277539
277287
276595
276206
276206
276132
276006
276006
276343
275952
275952
276416
275851
275851
274438
274218
273496
273496
274134
273274
273116
273116
272298
271955
271955
271626
270783
270783
270453
270348
270348
269943
269274
268707
267745
267745
266695
267130
267130
266918
267214
267214
267266
267140
267140
266264
265710
265710
265951
265536
265536
264944
264919
264919
263921
264003
264003
263348
263114
263114
262323
261841
261841
260667
259619
259619
259401
259803
260925
260925
260619
259122
259122
258550
258026
258673
258673
257743
257404
257404
256991
256199
256113
256113
254616
254834
254834
252991
252803
252803
253064
253326
253326
252639
252457
252457
252005
251502
251068
251068
250876
249860
249860
249941
248882
248882
248524
247879
247879
247272
247596
247596
246884
247029
247029
246550
245836
245836
245361
244908
244908
244850
243965
243288
243288
243280
242830
242830
241125
241125
240928
240652
240987
240987
240096
239579
239579
239012
238897
238897
238351
238204
238204
237366
237142
237142
237282
235320
233632
233632
232642
233156
233156
233108
233930
233930
234260
234710
234710
234105
233173
233173
232685
232575
232575
231331
231348
231348
230417
229903
229702
229702
230045
228961
228961
229496
228745
227770
227770
227594
226927
226927
226741
226298
226136
226136
226131
226104
226104
225686
224815
224815
224007
224404
224404
223695
223570
223551
223551
223197
222747
222747
221895
221695
221695
221874
221062
221062
220993
220886
220886
220210
220358
220358
219483
219228
219228
218621
218337
218337
218280
217589
217589
217070
216189
216421
216421
215976
215755
215561
215561
215385
214379
214379
214364
213887
213887
214135
213269
213482
213482
212975
211998
211998
211813
211072
211072
211278
210081
209622
209622
209103
208176
208176
208062
206733
206733
206877
206335
206335
206604
207159
206934
206934
206604
205670
205670
205858
205047
205047
203804
204144
203504
203504
202751
201179
201179
200840
201734
201734
202386
200854
200854
200583
199873
199873
199614
199820
199820
199302
198704
198620
198620
197678
196605
196605
196466
196618
196618
196999
196436
196436
196514
195186
195186
194770
195107
195107
195166
194274
194274
194068
193910
192693
192693
192654
191034
191298
191298
191038
191848
191848
191392
190347
190347
190044
189726
189726
190286
189509
189516
189516
187665
187461
187461
187253
185422
185422
184552
184614
184614
184776
185424
185424
185043
183896
183896
183340
183482
182860
182860
182762
181936
181936
181426
179598
179598
178656
178953
178953
179677
180035
179473
179473
178198
177826
178577
178577
177410
177369
177369
176774
175701
175701
174686
174468
174827
174827
175098
174967
174967
174086
173591
173312
173312
172125
172907
172907
172556
171670
171670
171236
170481
170481
168867
168912
168912
168667
168586
168586
169108
169899
169899
168742
168275
168275
167678
167203
167203
166390
166297
165765
165561
165069
164710
163844
163844
163193
162172
162172
161534
161053
161053
160702
161034
161034
160387
160629
160629
159766
159492
158879
158879
158547
158045
158045
157543
157123
157123
156999
156160
156160
155778
155814
155814
154691
154652
154652
154027
153430
153430
152708
151324
151324
150963
150691
150691
150333
150299
150316
149955
149955
149814
149810
149810
149179
148970
148970
147578
147803
147803
146765
147045
146247
146247
145372
145447
145447
145323
145142
145142
144469
143884
143884
143007
142769
142769
142578
142045
142045
141733
141583
140311
140311
139789
139901
139901
138711
138691
138691
138579
138284
138284
137004
136263
136263
135940
135186
134517
133666
133568
133568
132794
132628
132628
132807
132906
132906
133786
132260
131817
131817
131341
131390
131390
130289
130444
130444
129736
129074
129074
128819
127884
127884
127335
126950
126950
126021
126191
126191
127191
126056
125630
125630
125177
125239
125239
124025
123757
123757
123135
122157
120824
120824
120415
120576
120628
120628
120074
119530
119530
119124
118680
118680
118420
117592
117592
115136
114275
116408
116408
116377
116025
116025
116062
114880
114880
114211
113278
113278
110325
109642
109642
111561
111631
111631
110344
109427
109427
109026
109241
109241
107708
105459
105459
106169
107117
107117
106380
105535
104922
104922
105035
104052
103604
103604
102041
101855
101855
101480
101474
101614
101614
100706
100287
100287
99686
99566
99566
99882
98797
98797
98291
97154
97154
96962
95643
