0.7104690365906882
0.6965515159858551
0.6806878622581635
0.6639080411335089
0.6472420183377858
0.6317197595968889
0.6183712306367131
0.6078983596203444
0.5996909244596332
0.5928106655036209
0.5864844955146807
0.5806000169085104
0.57521000451414
0.5703417429804254
0.5659205562355301
0.5618462780274438
0.5580330687869629
0.5544523956761068
0.551090052539701
0.5479287792254202
0.5449390995923338
0.5420884835023612
0.5393562318878992
0.5367689699632597
0.534365154013233
0.5321722351606956
0.5301736438808686
0.5283418054870592
0.5266718065003031
0.5252493782725495
0.5241829133634759
0.52354072638934
0.523230820192721
0.5231211196727781
0.5230964317209174
0.5231090911975342
0.523128314955271
0.5231298575391382
0.5231156242636199
0.5230940581355681
0.5230718384004436
0.5230485892581423
0.5230221711471692
0.5229909376201348
0.5229552146860754
0.5229158214681338
0.5228733438656572
0.5228274348828109
0.5227775142999651
0.5227234175710527
0.5226666428442559
0.52260910394132
0.5225512622527955
0.5224877694444511
0.522411824750861
0.5223220003349747
0.5222383600732424
0.5221863407704901
0.5221713212739099
0.5221184486001611
0.521932811808269
0.5215511914350528
0.5210371339285036
0.5204858772144061
0.5199725327280476
0.5194917059427238
0.5190178758412332
0.51853089985288
0.5180321491929922
0.5175283735234041
0.5170249286987483
0.516521595344851
0.5160167602803372
0.515509003923699
0.5149976810928986
0.5144823402057649
0.5139631489486725
0.513442752082174
0.5129244136353672
0.5124080118150672
0.5118798815389588
0.5113229719024441
0.5107246163706476
0.510089685887582
0.5094274357669821
0.5088006604092067
0.508486310561107
0.508814876056158
0.5100560934715839
0.512236686359603
0.5153226250161831
0.5192806376265574
0.5240804839330198
0.5296926815671292
0.5361313529768853
0.5435850398760504
0.5522858887948271
0.5623123780564381
0.5731283131561858
0.584043831382392
0.5950154592003485
0.6085852797832229
0.627941765481153
0.6542805902683514
0.6808262346153305
0.6988103806166782
0.7021973543258098
0.6958820576314517
0.687492036381158
0.6830132749649337
0.681865511942586
0.681826924416372
0.6811017892991349
0.6795987827460578
0.677652680722909
0.6755344454472557
0.6732597841438607
0.6707805902892853
0.6681110966959114
0.665514893519405
0.663317910251252
0.6617356098201309
0.6605415889034859
0.6593989776159532
0.658039154637182
0.6564664929068744
0.654753613929746
0.6529730893647764
0.6511972914880035
0.64949854272973
0.6479277596002055
0.6464502349294694
0.6450098556275081
0.643563607638984
0.6421208730472598
0.640704132970374
0.6393209643941425
0.637919327775493
0.636432279439131
0.6348144657197894
0.6331068929923127
0.6313721576415731
0.6296614342392252
0.627980210104053
0.626322550741623
0.6246770314998392
0.6230102670959534
0.6212833820895549
0.619474167919575
0.6176270835423117
0.615803254793405
0.6140475776198554
0.6123400284141032
0.6106443536799488
0.608932015335276
0.6072053369542996
0.6054743575253179
0.6037470433332848
0.6020230698497758
0.600300039843022
0.5985761065726171
0.5968516252636011
0.5951275016323772
0.5934044894410415
0.5916827346344707
0.589962231203234
0.5882430098038498
0.5865252477566302
0.5848091590478351
0.5830949441553761
0.5813827495237683
0.5796727080891781
0.5779649530582944
0.576259618719892
0.5745568396332681
0.5728567472417021
0.5711594605244027
0.5694650953445611
0.567773765635374
0.5660855776100594
0.564400635551842
0.5627190417500532
0.5610408905184561
0.5593662741769219
0.5576952832997948
0.5560280014793135
0.55436451056219
0.5527048907935704
0.5510492160123378
0.549397558455809
0.5477499889127183
0.5461065723774701
0.5444673723958852
0.5428324511984642
0.5412018657544232
0.539575671717657
0.537953923549503
0.5363366709410669
0.5347239623908963
0.5331158453161737
0.5315123628086198
0.52991355687859
0.5283194685562677
0.5267301349511504
0.525145592192563
0.5235658755216098
0.5219910166265098
0.520421046307261
0.5188559945592204
0.5172958881591841
0.5157407530793081
0.5141906145630677
0.5126454949392183
0.5111054158078349
0.5095703981093472
0.5080404601456068
0.50651561955882
0.5049958933942904
0.5034812963097091
0.501971842365864
0.5004675450836621
0.4989684158244875
0.49747446540984297
0.49598570417317767
0.4945021404957235
0.4930237822706581
0.49155063695021006
0.4900827102228151
0.4886200073359601
0.4871625331390004
0.4857102908887674
0.48426328344396113
0.48282151330407236
0.4813849815317538
0.4799536888304489
0.47852763557977324
0.4771068208640331
0.47569124344370717
0.4742809017876134
0.47287579319792666
0.47147591468516103
0.47008126299741365
0.46869183383311785
0.46730762262829
0.4659286245831206
0.4645548339544942
0.4631862447634689
0.4618228508194528
0.46046464508525486
0.45911162031203395
0.4577637690612829
0.45642108313582924
0.45508355414883395
0.45375117354378136
0.45242393208544907
0.451101820368938
0.4497848288378486
0.4484729473297823
0.4471661655308401
0.44586447299215165
0.44456785872496085
0.44327631160553993
0.4419898203902182
0.4407083733555549
0.439431958658166
0.4381605643483903
0.43689417805145686
0.43563278728631694
0.4343763794780685
0.4331249416763954
0.431878460837128
0.43063692383353785
0.4294003172086622
0.428168627422979
0.42694184086467485
0.4257199436327714
0.42450292175399895
0.4232907611921252
0.4220834476590695
0.4208809668037891
0.4196833042207661
0.4184904452865844
0.417302375323353
0.41611907960637834
0.4149405432237588
0.41376675121679013
0.41259768858707857
0.4114333401774711
0.41027369079112497
0.40911872519742887
0.40796842803069927
0.406822783891484
0.40568177735393973
0.4045453928866561
0.40341361493183103
0.4022864279044945
0.4011638161110047
0.4000457638305519
0.3989322553423268
0.3978232749255194
0.39671880685932
