6.35171
0.0591909
-1.462
0.322025
-0.570494
25.7999
404.112
9162.1
11991.8
4800.95
1311.61
1469.83
135.882
1143.96
1397.43
160.609
1300.05
1342.37
185.65
1468.54
1151.84
1542.1
223.677
1200.3
1339.55
247.433
1314.8
1231.54
270.954
1357.27
1128.34
1330.01
305.661
1190.26
1182.22
327.446
1438.99
1130.48
350.082
1111.96
1293.33
371.491
1135.45
1248.7
392.506
1241.2
1062.72
1126.47
1326.16
433.58
1073.26
442.883
1177.01
1123.2
462.379
1115.23
1229.93
1087.25
490.96
1124.24
1118.64
509.362
1122.83
1072.36
527.123
1147.69
1122.13
1000.84
553.026
1156.11
1043.65
570.12
1128.46
1036.77
586.668
1179.71
959.423
602.622
1063.01
1134.81
618.92
1105.98
1052.1
634.6
1003.36
1085.74
649.387
1077.47
996.393
663.743
1082.05
1085.93
1047.69
685.779
1015.41
1067.75
699.548
1004.85
1039.23
712.65
1075.21
1027.68
1012.89
732.279
1040.42
1017.01
744.828
1020.16
1040.02
757.14
1077.53
971.421
768.976
1035.69
996.19
979.651
785.564
1018.59
1050.86
797.055
981.131
987.12
806.987
1018.85
1018.47
817.564
1001.35
1024.52
827.717
955.778
1067.85
837.466
1032.01
1034.11
994.15
852.043
1016.04
999.09
861.073
992.331
1048.96
870.204
981.618
1043.98
878.809
1018.93
1004.2
998.151
890.972
900.966
2003.62
902.028
1096.42
1125.4
969.628
915.264
940.601
914.165
913.606
974.431
957.467
1083.78
923.426
1003.9
4214.34
947.859
5059.61
1406.32
963.755
981.076
993.224
967.123
1315.81
2861.81
943.908
949.082
951.813
948.544
946.178
1024.81
997.445
1027.51
943.413
950.996
1041.99
947.96
1101.49
980.306
954.37
961.184
962.914
956.229
956.419
973.1
957.786
978.718
974.497
960.786
974.014
979.998
957.615
957.785
958.372
957.337
958.749
959.243
957.182
957.172
957.075
958.282
957.436
957.041
957.293
959.286
956.114
956.205
957.346
968.862
954.91
966.5
965.596
952.223
954.542
985.925
949.345
957.765
949.153
947.762
949.632
951.538
946.337
958.168
950.387
944.06
945.917
946.239
943.939
945.649
943.772
943.554
944.973
943.899
943.852
955.333
946.826
952.606
940.391
940.513
944.476
939.336
