104
104
104
104
104
104
104
104
103.9
103.91
103.919
104.0271
104.12439
104.411951
104.8707559
105.48368031
106.035312279
106.7317810511
107.65860294599
108.692742651391
109.923468386252
111.031121547627
112.328009392864
113.795208453578
115.41568760822
116.874118847398
118.486706962658
120.338036266392
122.504232639753
124.853809375778
126.9684284382
129.27158559438
131.844427034942
134.559984331448
137.003985898303
139.703587308473
142.733228577626
146.059905719863
149.753915147877
153.078523633089
156.67067126978
160.503604142802
164.553243728522
168.19791935567
172.378127420103
176.840314678092
181.956283210283
187.560654889255
192.604589400329
198.044130460297
203.839717414267
210.05574567284
215.650171105556
221.685153995001
228.1166385955
234.70497473595
241.334477262355
247.30102953612
253.570926582508
260.013833924257
266.912450531831
273.121205478648
279.309084930783
285.478176437705
291.630358793935
297.567322914541
302.910590623087
308.419531560778
314.677578404701
322.10982056423
328.798838507807
336.918954657027
345.927059191324
355.634353272192
365.970917944972
375.273826150475
385.046443535428
395.241799181885
405.617619263697
414.955857337327
424.260271603594
433.534244443235
442.680819998911
450.91273799902
459.721464199118
469.349317779206
479.314386001286
489.682947401157
499.014652661042
509.513187394937
521.261868655444
534.235681789899
545.912113610909
558.120902249818
570.208812024837
581.587930822353
592.329137740118
601.996223966106
610.596601569495
620.436941412546
633.793247271291
645.813922544162
661.232530289746
677.309277260771
691.078349534694
699.670514581225
707.403463123103
711.063116810792
717.156805129713
728.641124616742
738.977012155068
754.179310939561
768.261379845605
779.335241861044
787.40171767494
794.661545907446
802.395391316701
812.855852185031
825.870266966528
837.583240269876
850.224916242888
864.702424618599
879.832182156739
893.648963941065
906.084067546959
917.175660792263
927.158094713037
936.542285241733
944.98805671756
955.289251045804
967.760325941224
981.384293347101
995.945864012391
1009.05127761115
1022.94614985004
1036.05153486503
1047.84638137853
1058.46174324068
1069.11556891661
1080.00401202495
1091.40361082245
1103.46324974021
1114.31692476619
1126.78523228957
1138.90670906061
1150.21603815455
1160.3944343391
1167.65499090519
1174.28949181467
1184.9605426332
1197.76448836988
1209.28803953289
1222.6592355796
1235.49331202164
1246.94398081948
1257.24958273753
1267.52462446378
1277.9721620174
1288.77494581566
1300.29745123409
1310.66770611068
1321.70093549962
1332.43084194965
1342.98775775469
1353.28898197922
1362.5600837813
1370.90407540317
1379.21366786285
1387.89230107657
1395.70307096891
1404.33276387202
1414.39948748482
1425.35953873634
1437.0235848627
1447.52122637643
1459.36910373879
1471.83219336491
1484.04897402842
1495.04407662558
1504.63966896302
1513.57570206672
1521.31813186005
1528.98631867404
1535.88768680664
1543.39891812597
1551.85902631338
1561.87312368204
1570.88581131384
1581.09723018245
1592.88750716421
1605.19875644779
1616.77888080301
1627.20099272271
1635.88089345044
1643.19280410539
1649.77352369485
1655.69617132537
1662.32655419283
1669.99389877355
1678.99450889619
1688.89505800657
1697.80555220592
1707.92499698533
1718.93249728679
1729.93924755811
1739.8453228023
1748.86079052207
1757.07471146987
1764.26724032288
1770.74051629059
1776.56646466153
1782.90981819538
1789.91883637584
1797.72695273826
1804.75425746443
1813.07883171799
1822.17094854619
1832.45385369157
1843.20846832241
1852.88762149017
1862.49885934116
1870.64897340704
1878.08407606634
1884.2756684597
1889.74810161373
1895.37329145236
1901.73596230712
1909.16236607641
1915.84612946877
1923.66151652189
1931.9953648697
1941.09582838273
1950.58624554446
1959.12762099001
1967.71485889101
1975.74337300191
1983.26903570172
1990.04213213155
1996.73791891839
2003.26412702655
2009.6377143239
2016.07394289151
2021.86654860236
2027.97989374212
2034.58190436791
2041.62371393112
2047.96134253801
2054.56520828421
2061.50868745579
2068.75781871021
2076.28203683919
2083.05383315527
2090.34844983974
2098.11360485577
2106.00224437019
2113.10201993317
2120.09181793985
2126.58263614587
2132.82437253128
2138.74193527815
2144.06774175034
2149.0609675753
2153.95487081777
2159.259383736
2164.0334453624
2169.13010082616
2174.71709074354
2180.74538166919
2187.37084350227
2193.33375915204
2199.60038323684
2206.34034491315
2213.50631042184
2219.95567937965
2226.56011144169
2233.10410029752
2239.49369026777
2245.34432124099
2250.60988911689
2255.8489002052
2260.86401018468
2265.67760916621
2270.50984824959
2274.85886342463
2279.47297708217
2284.32567937395
2289.49311143656
2294.1438002929
2299.12942026361
2304.51647823725
2310.36483041353
2316.32834737217
2321.69551263496
2327.42596137146
2333.58336523432
2339.12502871088
2344.9125258398
2350.62127325582
2356.25914593023
2361.63323133721
2366.56990820349
2371.01291738314
2375.31162564483
2379.38046308034
2383.44241677231
2387.09817509508
2390.98835758557
2395.18952182701
2399.57056964431
2403.51351267988
2407.96216141189
2412.6659452707
2417.69935074363
2422.22941566927
2426.90647410234
2431.71582669211
2436.6442440229
2441.77981962061
2446.40183765855
2451.16165389269
2455.94548850342
2460.75093965308
2465.47584568777
2469.728261119
2473.8554350071
2477.86989150639
2481.78290235575
2485.30461212017
2488.97415090816
2492.47673581734
2496.02906223561
2499.62615601205
2502.86354041084
2506.27718636976
2509.84946773278
2513.4645209595
2516.71806886355
2520.1462619772
2523.73163577948
2527.55847220153
2531.50262498138
2535.05236248324
2538.74712623491
2542.57241361142
2546.51517225028
2550.06365502525
2553.65728952273
2557.39156057045
2561.25240451341
2564.72716406207
2568.25444765586
2571.92900289028
2575.63610260125
2579.27249234112
2582.84524310701
2586.06071879631
2589.25464691668
2592.32918222501
2595.09626400251
2597.68663760226
2600.31797384203
2602.88617645783
2605.39755881205
2607.65780293084
2609.99202263776
2612.39282037398
2614.95353833658
2617.65818450293
2620.09236605263
2622.68312944737
2625.31481650263
2628.08333485237
2630.57500136713
2633.31750123042
2636.28575110738
2639.25717599664
2642.43145839698
2645.28831255728
2648.25948130155
2651.2335331714
2654.21017985426
2656.88916186883
2659.50024568195
2662.15022111375
2664.73519900238
2667.16167910214
2669.34551119193
2671.41096007273
2673.36986406546
2675.23287765891
2676.90958989302
2678.51863090372
2680.16676781335
2681.85009103201
2683.56508192881
2685.10857373593
2686.59771636234
2688.1379447261
2689.82415025349
2691.34173522814
2693.00756170533
2694.7068055348
2696.53612498132
2698.38251248319
2700.04426123487
2701.73983511138
2703.46585160024
2705.31926644022
2707.1873397962
2708.86860581658
2710.68174523492
2712.51357071143
2714.36221364028
2716.02599227626
2717.72339304863
2719.45105374377
2721.10594836939
2722.69535353245
2724.12581817921
2725.61323636129
2726.95191272516
2728.35672145264
2729.62104930738
2730.75894437664
2731.78304993898
2732.70474494508
2733.53427045057
2734.38084340551
2735.14275906496
2735.82848315847
2736.44563484262
2737.00107135836
2737.50096422252
2737.95086780027
2738.45578102024
2738.91020291822
2739.3191826264
2739.68726436376
2740.11853792738
2740.50668413464
2740.85601572118
2741.17041414906
2741.55337273416
2741.89803546074
2742.20823191467
2742.4874087232
2742.83866785088
2743.25480106579
2743.62932095921
2743.96638886329
2744.36974997696
2744.83277497927
2745.24949748134
2745.62454773321
2746.06209295988
2746.5558836639
2747.00029529751
2747.50026576776
2747.95023919098
2748.35521527188
2748.81969374469
2749.33772437022
2749.8039519332
2750.22355673988
2750.80120106589
2751.3210809593
2751.88897286337
2752.40007557704
2752.96006801933
2753.5640612174
2754.20765509566
2754.78688958609
2755.30820062748
2755.77738056474
2756.09964250826
2756.28967825744
2756.50277478021
2756.35194234614
2755.9463596423
2755.66245174961
2754.86371622473
2754.30460135731
2753.61322095012
2751.32925466508
2747.33047826556
2744.53133478589
2742.87193435012
2741.71035404509
2740.29724783156
2738.70807348209
2737.29565143746
2736.00695600622
2734.50486920436
2732.85340844305
2731.69738591013
2730.58817013709
2729.51171909597
2728.45820336718
2727.42074235702
2726.69451964992
2726.18616375494
2725.83031462846
2725.58122023992
2725.40685416794
2715.38479791756
2706.86935854229
2700.0085509796
2692.80598568572
2683.86418998001
2672.504932986
2662.4534530902
2652.11741716314
2643.9821920142
2631.08753440994
2619.66127408696
2609.26289186087
2599.28402430261
2585.99881701183
2570.99917190828
2561.69942033579
2552.18959423506
2541.93271596454
2527.85290117518
2517.99703082262
2507.19792157584
2497.53854510309
2487.17698157216
2476.32388710051
2466.62672097036
2454.43870467925
2443.20709327547
2432.94496529283
2424.26147570498
2413.38303299349
2405.76812309544
2396.53768616681
2382.87638031677
2371.51346622174
2364.15942635521
2356.01159844865
2345.20811891406
2334.34568323984
2325.54197826789
2316.97938478752
2303.48556935126
2294.03989854589
2282.62792898212
2273.13955028748
2261.99768520124
2252.69837964087
2243.48886574861
2232.84220602402
2226.28954421682
2216.60268095177
2205.32187666624
2194.72531366637
2187.00771956646
2178.00540369652
2166.30378258756
2156.61264781129
2147.12885346791
2138.09019742753
2129.36313819927
2118.75419673949
2110.12793771764
2100.48955640235
2090.74268948165
2082.41988263715
2070.59391784601
2061.1157424922
2050.58101974454
2040.80671382118
2034.26469967483
2024.28528977238
2014.89970284066
2002.92979198846
1993.95085439193
1986.46559807435
1975.82591865204
1963.27814305643
1951.4947001395
1943.24629009765
1933.87240306836
1922.51068214785
1911.85747750349
1902.00023425245
1893.30016397671
1886.0101147837
1870.70708034859
1858.79495624401
1847.75646937081
1837.32952855957
1830.0306699917
1817.42146899419
1806.49502829593
1793.14651980715
1785.60256386501
1776.4217947055
1763.99525629385
1754.0966794057
1740.86767558399
1730.40737290879
1722.18516103615
1710.72961272531
1700.31072890772
1691.2175102354
1682.45225716478
1671.51658001535
1660.26160601074
1653.58312420752
1643.50818694526
1631.35573086168
1620.74901160318
1608.52430812223
1598.46701568556
1586.92691097989
1573.14883768592
1563.50418638015
1550.4529304661
1537.41705132627
1527.99193592839
1516.29435514987
1503.90604860491
1495.23423402344
1484.36396381641
1473.45477467148
1465.81834227004
1454.77283958903
1441.94098771232
1432.95869139862
1420.37108397904
1409.45975878533
1401.22183114973
1388.25528180481
1378.87869726337
1366.61508808436
1354.13056165905
1344.49139316133
1335.64397521293
1323.45078264905
1313.41554785434
1299.79088349804
1287.85361844863
1278.89753291404
1270.82827303983
1260.07979112788
1250.75585378951
1242.42909765266
1232.10036835686
1221.8702578498
1213.80918049486
1201.8664263464
1192.00649844248
1181.50454890974
1173.25318423682
1165.67722896577
1155.87406027604
1144.21184219323
1135.14828953526
1126.70380267468
1117.49266187228
1105.04486331059
1097.23140431742
1088.76198302219
1076.83338811553
1069.98337168087
1060.98836017661
1051.09185212363
1038.16429648654
1028.21500754058
1019.4505052784
1009.71535369488
1000.20074758642
992.040523310492
985.128366317345
973.989856422141
965.292899495499
957.705029646849
947.293520752794
938.505464526956
931.153825168869
921.207677618208
911.845374332746
901.391762032922
891.074233423045
881.751963396132
871.026374377292
861.418462064104
851.992923444873
844.495046411411
838.046532487988
827.832572741591
818.282800919114
810.09796064338
802.568572450366
791.298000715256
780.708600500679
770.596020350475
762.917214245333
755.742049971733
745.919434980213
736.643604486149
727.450523140304
718.015366198213
708.110756338749
699.377529437124
689.364270605987
680.254989424191
673.578492596934
663.204944817853
654.443461372497
645.310422960748
634.717296072524
623.102107250767
614.071475075537
602.650032552876
594.055022787013
582.338515950909
572.936961165636
562.155872815945
554.009110971162
543.206377679813
534.444464375869
522.911125063108
514.237787544176
506.066451280923
497.346515896646
490.042561127652
479.229792789357
472.260854952549
462.582598466785
451.607818926749
442.125473248724
432.187831274107
421.631481891875
413.342037324312
406.939426127019
398.557598288913
389.690318802239
382.583223161567
375.508256213097
367.255779349168
360.279045544418
350.895331881092
341.626732316765
330.038712621735
321.627098835215
309.73896918465
302.317278429255
289.322094900479
275.425466430335
263.897826501234
255.228478550864
248.259934985605
242.181954489923
236.727368142946
231.709157700062
227.596410390044
223.517487273031
219.462241091121
215.723568763785
211.906498134649
208.634548694255
204.244184085978
199.970928860185
196.079650202129
192.455755141491
188.119028599043
184.18332001933
179.928324013531
175.749826809472
171.62487876663
167.837415136641
163.086190595649
158.860333416954
154.702233391868
150.291563374308
145.704094362015
141.592866053411
137.215006237388
133.250504366171
128.97535305632
125.082747139424
119.957922997597
115.470546098318
111.129382268822
106.890567588176
103.023397311723
98.2163781182061
94.2514646827442
90.876025277921
86.4132176945447
82.0892523861813
77.2624766703269
72.9837336692288
69.0886135684602
64.2620294979221
59.3834206485455
55.0683944539818
50.5478761177873
46.1835132824511
41.6284592977158
37.239921508401
32.6679450558807
28.5675615391165
24.1972930773816
19.3381051541671
15.036673607917
10.5256715255419
6.46797006787931
1.52757904751552
-3.43069466673914
-9.0014862667174
-13.5010403867022
-17.8507282706915
-21.7955097894841
-26.0568568526388
-30.5397997968472
-34.877859857793
-39.4145019004551
-43.4901513303186
-47.543105931223
-51.5801741518561
-55.3061219062993
-59.4142853344095
-63.7899997340866
-67.7529998138606
-71.4270998697024
-74.8989699087917
-77.9292789361542
-79.7504952553079
-81.0253466787156
-81.6177426751009
-82.0324198725706
-82.3226939107994
-82.5258857375596
