0.47648208709615614
0.46861711893500707
0.45946134087197377
0.4496499838556531
0.4398182788346418
0.4306014567575365
0.422634748572934
0.41635578956721186
0.411411832377871
0.407252533980193
0.40342440494677906
0.3998613702395071
0.39659420841757503
0.3936386934588248
0.39095058101567576
0.3884706221591919
0.3861479210614414
0.3839649942985091
0.3819127115474841
0.37998049739764417
0.37815199608702144
0.37640940676583695
0.3747401406820086
0.3731524574742431
0.3716598288789441
0.370270658458704
0.3689730770808697
0.3677501474389771
0.3665863777131094
0.365472058029541
0.36439892400109397
0.3633599338174793
0.36235293597596496
0.36137700155070807
0.3604310080700149
0.3595130588787887
0.35862106377608194
0.3577530784762491
0.3569077423548536
0.35608384070276106
0.3552801807137326
0.35449565719311144
0.3537291868491361
0.3529797463664405
0.35224655233524055
0.351528881322147
0.3508259619888027
0.3501368313769766
0.349460478623469
0.3487962180914384
0.3481446650494732
0.34750675999251995
0.34688229405038346
0.34626646089230195
0.34565330482237205
0.34504115704123167
0.3444454963356831
0.34388608838907
0.3433668337089838
0.34282817210000827
0.34219467819097504
0.3414194421478472
0.34056961628511295
0.339740868454392
0.33900589879976517
0.338345536635158
0.33771764356695705
0.3370880142027449
0.3364541751548863
0.335821586036942
0.33519463427607343
0.33457341855384576
0.33395696536542496
0.3333497723108232
0.3327782214094349
0.33227416578550095
0.3318574070818231
0.33149954101544665
0.331160111821978
0.3308052341186739
0.3304273040493913
0.33002528813963705
0.3296024388607692
0.32917915246754814
0.32878011116058503
0.32848665447450187
0.32860675127996264
0.329505027781642
0.3314747531842307
0.33452376869248324
0.33858855851117
0.3436144191823888
0.3495818965975452
0.35648034898537206
0.3643189075494963
0.3731857953931218
0.383189008594346
0.3943581149353644
0.40640896901476037
0.418978997135215
0.4320071062507138
0.44663812592045904
0.46431836635495805
0.4853289146219996
0.5052899652185006
0.518656489498659
0.5217142179223495
0.518071917372149
0.51316911383631
0.5112515676773121
0.5117899767545394
0.513061273301603
0.5136578911602845
0.5134342706050476
0.512560353518527
0.511205325396196
0.509535346184884
0.50771581944426
0.5059057415143551
0.5042384798566504
0.50284099471299
0.5017897876250434
0.500959525333779
0.500174415879991
0.4992956371835203
0.4983322466803961
0.4973302716856941
0.496328822431857
0.4953393408207931
0.494366351671777
0.49341267967813185
0.4924743490293724
0.49154568378906205
0.49062184268383296
0.48970132309259196
0.48878345705731496
0.4878582379222974
0.48687830424111284
0.4857869558696551
0.48454834489952586
0.483210032365164
0.4818404315367171
0.480495347401031
0.4791801518117458
0.4778876083392
0.47660530162475645
0.47530010059387434
0.473933695243037
0.47248435330013017
0.47099665341864716
0.469531751983484
0.4681345946218676
0.4667852839303502
0.465447711747815
0.46409347551728014
0.46272499509830006
0.461352395954564
0.459983731753644
0.4586187689786428
0.4572552023165458
0.455891266680974
0.4545273578920871
0.45316441199668
0.45180323914657483
0.4504441459137041
0.449087312975027
0.447732851621405
0.44638059559930787
0.4450303092691071
0.4436821312764232
0.44233769740787154
0.440999017735316
0.43966664860245624
0.43833533144033116
0.4369983539518151
0.4356522549351777
0.4343065775702704
0.43297411613234
0.4316638158628205
0.4303692258678945
0.42908004621993195
0.4277881796463551
0.4264943394947952
0.425201441767936
0.4239118092923708
0.42262539219033174
0.42134154740796
0.420059788151049
0.41878025266400026
0.417503235450867
0.41622898673008796
0.4149575795776444
0.41368904278390317
0.41242341482846034
0.4111607729478298
0.409901204067755
0.408644790555806
0.4073915965468613
0.40614168161762604
0.40489510479798946
0.4036519229305756
0.40241219231119296
0.40117596778862263
0.399943298423541
0.398714231829597
0.39748881457206364
0.3962670890227072
0.395049096504917
0.3938348773288855
0.3926244677520186
0.3914179030185251
0.39021521747811166
0.3890164419024756
0.387821606168812
0.3866307393436525
0.38544386725087704
0.38426101490370207
0.3830822065866366
0.3819074636693585
0.38073680679283795
0.3795702559416922
0.3784078284751295
0.37724954109600506
0.37609540991666396
0.37494544868740926
0.373799670568033
0.37265808818716994
0.3715207120488256
0.37038755212584795
0.36925861791377984
0.36813391699894504
0.36701345649036204
0.36589724306786364
0.364785281694539
0.3636775769042909
0.36257413284752515
0.36147495214065917
0.360380037016613
0.35928938935810495
0.358203009647046
0.35712089801514496
0.3560430543040721
0.3549694771953439
0.35390016508043803
0.35283511600317846
0.35177432661677377
0.3507177932267789
0.3496655121572176
0.34861747980599134
0.347573692589471
0.34653414571290864
0.34549882953708155
0.34446773321164803
0.34344084938790564
0.3424181847237088
0.341399749378551
0.3403855395374888
0.339375495487831
0.33836954354245
0.33736766136297414
0.33637003200605714
0.335376889877109
0.33438827703282553
0.33340346613504696
0.3324215374968991
0.33144228865745906
0.330468386059608
0.329503213372178
0.328547476986549
0.3275911741842926
0.32662162496952796
0.32562935164759815
0.32461768572874056
0.323593161024416
0.3225620847340386
0.32152985760883646
0.320501653787991
0.31948255235313305
0.3184772521556928
0.3174903569895501
0.3165244036769216
0.3155736611533716
0.31463033138280094
0.31368825894212377
0.3127478588603071
0.31181118877933106
0.3108798662970513
0.30995374883482424
0.309032253769882
0.3081149164322365
0.3072017439630205
0.30629286145614704
0.30538836262995334
0.30448821570047496
0.30359235750817193
0.30270073283562393
0.30181331823389007
0.300930098196149
0.3000510572155798
0.29917617978536115
0.298305450398672
